# This file may be used to create an environment using:
# $ conda create --name <env> --file <this file>
# platform: win-64
asn1crypto=0.22.0=py35he3634b9_1
ca-certificates=2017.08.26=h94faf87_0
cachecontrol=0.12.3=py35h3f82863_0
certifi=2017.7.27.1=py35hbab57cd_0
cffi=1.10.0=py35h4132a7f_1
chardet=3.0.4=py35h177e1b7_1
colorama=0.3.9=py35h32a752f_0
conda=4.3.30=py35hec795fb_0
conda-env=2.6.0=h36134e3_1
console_shortcut=0.1.1=h6bb2dd7_3
cryptography=2.0.3=py35h67a4558_1
cycler=0.10.0=py35hcc71164_0
distlib=0.2.5=py35h12c42d7_0
fastcache=1.0.2=py35h8710e77_0
freetype=2.8=vc14h17c9bdf_0
h5py=2.7.0=py35h9881aa0_1
hdf5=1.10.1=vc14hb361328_0
html5lib=0.999999999=py35h79d4e7f_0
icc_rt=2017.0.4=h97af966_0
icu=58.2=vc14hc45fdbb_0
idna=2.6=py35h8dcb9ae_1
intel-openmp=2018.0.0=hcd89f80_7
jpeg=8d=vc14_2
libpng=1.6.32=vc14h5163883_3
libtiff=4.0.6=vc14_2
lockfile=0.12.2=py35h667c6d9_0
matplotlib=1.5.1=np111py35_0
menuinst=1.4.10=py35hb57c5a5_0
mkl=2018.0.0=h36b65af_4
mpmath=0.19=py35hd324aab_2
msgpack-python=0.4.8=py35hdef45cb_0
numpy=1.11.3=py35h4fc39be_3
openssl=1.0.2l=vc14hcac20b0_2
packaging=16.8=py35h5fb721f_1
pandas=0.20.3=py35he2ce742_2
patsy=0.4.1=py35h01e4a18_0
pip=9.0.1=py35h691316f_4
progress=1.3=py35ha84af61_0
pycosat=0.6.3=py35h456c199_0
pycparser=2.18=py35h15a15da_1
pyopenssl=17.2.0=py35hea705d1_0
pyparsing=2.2.0=py35hcabcaab_1
pyqt=4.11.4=py35_7
pyqtgraph=0.10.0=py35_0
pysocks=1.6.7=py35hb30ac0d_1
python=3.5.4=hc495aa9_21
python-dateutil=2.6.1=py35h6b299a3_1
pytz=2017.2=py35h3d6be01_1
pywin32=221=py35h14ddfd5_0
qt=4.8.7=vc14_9
requests=2.18.4=py35h54a615f_1
ruamel_yaml=0.11.14=py35h7ef29f8_2
scikit-learn=0.19.1=py35h2037775_0
scipy=0.19.1=py35h1e2829e_3
seaborn=0.8.0=py35hda3c85b_0
setuptools=36.5.0=py35h21a22e4_0
sip=4.18=py35_0
six=1.11.0=py35hc1da2df_1
sqlite=3.20.1=vc14h7ce8c62_1
statsmodels=0.8.0=py35hfa6034c_0
sympy=1.1.1=py35ha5375ed_0
tk=8.5.18=vc14_0
tornado=4.5.2=py35h03246f3_0
urllib3=1.22=py35h8cc84eb_0
vc=14=h2379b0c_2
vs2015_runtime=14.0.25123=hd4c4e62_1
webencodings=0.5.1=py35h5d527fb_1
wheel=0.29.0=py35hdbcb6e6_1
win_inet_pton=1.0.1=py35hbef1270_1
wincertstore=0.2=py35hfebbdb8_0
yaml=0.1.7=vc14hb31d195_1
zlib=1.2.11=vc14h1cdd9ab_1
